image_width: 640
image_height: 480
camera_name: narrow_stereo
camera_matrix:
  rows: 3
  cols: 3
  data: [784.672402, 0.000000, 263.984597, 0.000000, 785.198744, 240.311843, 0.000000, 0.000000, 1.000000]
distortion_model: plumb_bob
distortion_coefficients:
  rows: 1
  cols: 5
  data: [0.021417, -0.027116, 0.000933, -0.009602, 0.000000]
rectification_matrix:
  rows: 3
  cols: 3
  data: [1.000000, 0.000000, 0.000000, 0.000000, 1.000000, 0.000000, 0.000000, 0.000000, 1.000000]
projection_matrix:
  rows: 3
  cols: 4
  data: [784.938538, 0.000000, 259.927036, 0.000000, 0.000000, 792.714478, 240.591535, 0.000000, 0.000000, 0.000000, 1.000000, 0.000000]
